0.999846,0.008697,0.015249,-11.496827,-0.010641,0.991129,0.132476,2.310824,-0.013962,-0.132618,0.991069,12.793265,0.000000,0.000000,0.000000,1.000000
0.999846,0.008697,0.015249,11.375216,-0.010641,0.991129,0.132476,2.261396,-0.013962,-0.132618,0.991069,13.668761,0.000000,0.000000,0.000000,1.000000
0.999086,0.018089,0.038729,-12.865250,-0.013853,0.994166,-0.106967,9.936402,-0.040438,0.106332,0.993508,13.358348,0.000000,0.000000,0.000000,1.000000
0.999070,0.018611,0.038905,13.000001,-0.014367,0.994194,-0.106642,8.523263,-0.040664,0.105984,0.993536,13.004850,0.000000,0.000000,0.000000,1.000000
0.998658,0.044667,0.026230,-8.727585,-0.036779,0.968023,-0.248149,6.979878,-0.036476,0.246851,0.968367,13.414676,0.000000,0.000000,0.000000,1.000000
0.998659,0.044542,0.026377,8.745545,-0.036635,0.968119,-0.247796,6.745824,-0.036573,0.246497,0.968453,13.320884,0.000000,0.000000,0.000000,1.000000
8.739475
8.478680
4.258249
4.357153
0.999982,0.001073,-0.005928,-1.816202,-0.000519,0.995701,0.092619,-1.572410,0.006002,-0.092615,0.995684,16.645582,0.000000,0.000000,0.000000,1.000000
6.893644
53.598406
4.080668
3.462917
0.993449,-0.040819,0.106741,-7.270553,0.033331,0.996918,0.071014,10.719210,-0.109310,-0.066991,0.991748,6.891301,0.000000,0.000000,0.000000,1.000000
0.993439,-0.040890,0.106801,8.233599,0.033425,0.996932,0.070774,11.164023,-0.109367,-0.066740,0.991758,6.394656,0.000000,0.000000,0.000000,1.000000
0.994318,-0.038117,0.099389,-7.987303,0.036519,0.999174,0.017846,4.473048,-0.099987,-0.014115,0.994889,0.507747,0.000000,0.000000,0.000000,1.000000
0.994611,-0.038528,0.096251,8.629182,0.037070,0.999170,0.016893,4.327462,-0.096822,-0.013234,0.995214,-0.768100,0.000000,0.000000,0.000000,1.000000
0.992061,-0.014150,0.124959,-3.655112,0.037161,0.982262,-0.183795,-2.447792,-0.120141,0.186979,0.974990,7.685185,0.000000,0.000000,0.000000,1.000000
0.992033,-0.014038,0.125195,5.717535,0.037083,0.982282,-0.183704,-2.299742,-0.120398,0.186883,0.974976,7.605176,0.000000,0.000000,0.000000,1.000000
0.992240,-0.008712,0.124033,-4.709084,0.014733,0.998753,-0.047705,3.103785,-0.123463,0.049162,0.991131,8.808070,0.000000,0.000000,0.000000,1.000000
0.992107,-0.007672,0.125158,6.878566,0.013791,0.998747,-0.048099,3.461645,-0.124632,0.049446,0.990970,8.035451,0.000000,0.000000,0.000000,1.000000
0.978720,0.096577,0.181053,0.909867,-0.089314,0.994853,-0.047868,-1.008512,-0.184744,0.030679,0.982308,11.291095,0.000000,0.000000,0.000000,1.000000
0.985653,0.062160,0.156920,0.029486,-0.058926,0.997945,-0.025186,12.480209,-0.158163,0.015578,0.987290,11.332808,0.000000,0.000000,0.000000,1.000000
0.993837,-0.036685,0.104603,-7.537829,0.027397,0.995665,0.088888,12.459222,-0.107411,-0.085474,0.990534,-4.871756,0.000000,0.000000,0.000000,1.000000
0.993754,-0.036396,0.105494,7.896799,0.026998,0.995649,0.089188,12.031789,-0.108281,-0.085782,0.990412,-6.008588,0.000000,0.000000,0.000000,1.000000
0.999587,-0.012256,-0.025996,-0.537231,0.016588,0.984678,0.173591,5.144232,0.023471,-0.173951,0.984475,-9.846216,0.000000,0.000000,0.000000,1.000000
0.996683,0.034073,0.073903,-10.789276,-0.024325,0.991347,-0.128997,20.197354,-0.077659,0.126772,0.988887,-8.756811,0.000000,0.000000,0.000000,1.000000
0.996709,0.034110,0.073537,13.661750,-0.024498,0.991489,-0.127864,17.669697,-0.077273,0.125641,0.989062,-8.009139,0.000000,0.000000,0.000000,1.000000
0.995616,-0.042247,0.083449,-3.132770,0.036398,0.996854,0.070412,5.630544,-0.086161,-0.067066,0.994021,-10.943659,0.000000,0.000000,0.000000,1.000000
